eeg_id,seizure_vote,lpd_vote,gpd_vote,lrda_vote,grda_vote,other_vote
4245882082,0.33427788719230334,0.014433499395913459,0.01703258433312062,0.032436763129998436,0.2571823978725991,0.34463686807606514
2857590162,0.20591386014158272,0.05286929416915111,0.07288073626319462,0.08677683299947853,0.19383239051772827,0.3877268859088647
2857590162,0.1290026243721875,0.05316240044861932,0.0683222708162878,0.08840699163419513,0.20488539096142788,0.45622032176728244
2857590162,0.10752631026854775,0.05244307845307934,0.04943482409357575,0.09366264079502194,0.2230144570445116,0.47391868934526354
3523834378,0.877724102638724,0.032023176411839806,0.01313301986258521,0.010856668584079023,0.01745350044584959,0.048809532056922185
3523834378,0.8730615158813841,0.032081891069916504,0.014402343566139472,0.011033733007805014,0.019798186841183084,0.049622329633571854
3523834378,0.865881965599409,0.03192459224506707,0.013034887768236681,0.012135565896277572,0.019765911346772393,0.057257077144237334
3523834378,0.8419023747066963,0.03276414634138503,0.014981472325044955,0.01322776377369151,0.02731346946431704,0.06981077338886495
3523834378,0.8599147859468979,0.03206122873689109,0.014457868199132407,0.01281655929548583,0.022988668581734872,0.05776088923985816
3523834378,0.8596126281293066,0.03213263819463407,0.01626035236886147,0.011998657707780528,0.021280194729568384,0.05871552886984893
3523834378,0.8301706188462475,0.032527570126973875,0.016068314962273365,0.014115436802529628,0.028830795430416525,0.07828726383155911
3523834378,0.8585546753282496,0.031881204424701666,0.01447681767685905,0.013896296542403206,0.021054113616498036,0.06013689241128855
3523834378,0.8547069764582473,0.032132330035730364,0.01633395620910412,0.012177270463101485,0.023616114907651805,0.061033351926164756
3523834378,0.8669837675766551,0.031895675561892906,0.015772649936884157,0.011216301717183184,0.020556115842019045,0.05357548936536554
3523834378,0.8467458302938189,0.03226051199295697,0.01702136491759125,0.012575600616800088,0.02389726755662473,0.06749942462220816
3523834378,0.85585892183081,0.03196860324187817,0.014535876599237519,0.013161490083131798,0.023481873549192782,0.06099323469574969
3523834378,0.8174495847111479,0.03226194907334227,0.015456342657534655,0.01590464033881521,0.03192889310034554,0.08699859011881449
3523834378,0.8265872052498328,0.03276907804596361,0.015722652361957943,0.01432596492262685,0.02848519870491581,0.08210990071470291
3523834378,0.8414469729664706,0.03225611675889846,0.015328996322864646,0.015360423862647344,0.027647619756751535,0.06795987033236739
3523834378,0.8399821889187152,0.034281483323630964,0.01826123915643703,0.015495870388564018,0.02374619542904975,0.06823302278360306
1572717157,0.03814836042458433,0.8682160079672652,0.00757598790552329,0.02477015325024058,0.018043803121873293,0.04324568733051322
1572717157,0.04504033284596711,0.8522764409008671,0.008253058107511436,0.026397230360659246,0.020873837391991456,0.047159100393003736
1572717157,0.05582177821206226,0.8408420026887858,0.008113687373891126,0.026957291549066762,0.020890195448688177,0.0473750447275058
1572717157,0.07540909921193015,0.8199676117359173,0.008844110955171701,0.027042624021449958,0.021574721192424,0.04716183288310691
741603133,0.07821471706720674,0.03692726853697082,0.034174624888695,0.011864449847987636,0.025584507043264784,0.8132344326158751
2303854177,0.5113902318260539,0.016553040129821325,0.0192565468066338,0.030039089440558712,0.14605166589140547,0.2767094259055267
2303854177,0.5145486302892586,0.01639930458508468,0.018080057423962553,0.03229412799515225,0.14252863570479862,0.2761492440017433
2303854177,0.5337931571881395,0.014721488277441585,0.01464434764683385,0.024580649202629905,0.1357799400388998,0.2764804176460555
2303854177,0.5319917404455463,0.014085398438253736,0.014427567594461914,0.026477555378870983,0.14091957590837428,0.2720981622344927
2303854177,0.5552904962730468,0.010061642366054105,0.013144914858392562,0.018236767338672216,0.11770677636706277,0.2855594027967716
2303854177,0.5613570263293566,0.009971367351984544,0.013126756511486957,0.018535990116218842,0.1203631772145212,0.2766456824764318
2303854177,0.5395099889358496,0.009057666636542389,0.012108718261765957,0.02135102914151036,0.14160699985235145,0.27636559717198017
2303854177,0.5446496664936777,0.009093323065298167,0.011562504702923661,0.018034463818774008,0.12016086099487688,0.29649918092444966
3178142450,0.02963076415886571,0.02440070202133908,0.05127487486108459,0.003467233483966977,0.013655344918734484,0.8775710805560091
3503802792,0.04241501689651133,0.007464068890051428,0.008915512839446584,0.05785011338548271,0.4868250923262373,0.39653019566227066
3503802792,0.044165939364655675,0.007630072359609721,0.0088694496027453,0.05816838300398199,0.4802462524362824,0.400919903232725
3503802792,0.04833870888699051,0.0090941706075125,0.009264770092292538,0.058709343326223816,0.4462455519100317,0.4283474551769489
3503802792,0.05556899888906764,0.00851757652434137,0.008640452636034702,0.059006497516375905,0.44199293755590485,0.4262735368782755
3255816561,0.5447510980827103,0.02252192788682969,0.007626766433550306,0.01653260548368769,0.011087484696011361,0.39748011741721073
3255816561,0.5374996317974233,0.022978542906257057,0.008304565062243488,0.016579018126018846,0.011191027217863027,0.40344721489019425
3255816561,0.5494221935846124,0.022831457536871394,0.007649939116500752,0.016532300389613213,0.011363960928232768,0.3922001484441694
3255816561,0.5078796387066981,0.023512640359009334,0.007629906015213162,0.016643474764550772,0.011533076368512607,0.4328012637860162
3255816561,0.5108431642701455,0.022897675141852834,0.007642573877275654,0.016443860340339175,0.011164927342977535,0.4310077990274092
3255816561,0.49766474089421014,0.023622287067071715,0.00745197705584143,0.016691663019929793,0.011604148937937132,0.4429651830250098
3255816561,0.5046193155476976,0.02299073423778595,0.006968255952085425,0.016618704897714803,0.011485379546798468,0.43731760981791773
3255816561,0.469892044739244,0.023327431883426633,0.007337572342473641,0.016654328306435196,0.011757631137566055,0.47103099159085443
3255816561,0.5004742384640978,0.022941766156163168,0.007016342406266265,0.01650720145731388,0.011107871338372018,0.4419525801777869
3255816561,0.5093997926108857,0.023235907252638834,0.006684301433206123,0.01674900161200143,0.011371401056968457,0.4325595960342994
3255816561,0.527133252559221,0.0227684498513198,0.006527479452716684,0.016737455780439083,0.011487372832585673,0.4153459895237176
921278492,0.07681288103429904,0.03849837765657828,0.13822742917867442,0.011627425734584229,0.048893166297795006,0.685940720098069
921278492,0.08302043145109991,0.03640771224476347,0.15291682903311943,0.011278498642198528,0.04783968122736162,0.6685368474014571
86185603,0.2306504227565475,0.023140875756273133,0.003912263861581525,0.14408068721880848,0.23814254639948002,0.36007320400730936
3146689694,0.563968618515852,0.018572115695168992,0.008387310946118536,0.09367307833287272,0.07261299850944429,0.24278587800054346
3146689694,0.574001729109776,0.01890619094524163,0.007578827247430238,0.09430068011224507,0.06190239063462249,0.24331018195068455
3146689694,0.5447069219187074,0.017822229392805176,0.008642038100571368,0.09387842201932181,0.08525935153122952,0.24969103703736484
135748076,0.2936624723367716,0.024926502091103933,0.003945053497662085,0.1672473841940651,0.19451839116239236,0.315700196718005
3807918346,0.24976454924320665,0.09836864275632357,0.12432067217990835,0.01664548673626658,0.23511989513788054,0.2757807539464142
3807918346,0.2581753467363549,0.1000752178673398,0.11494064514149832,0.0185937570216656,0.22801914382382468,0.2801958894093166
1426024750,0.09473727716983803,0.06464784714709026,0.7177348068560636,0.011204888083212038,0.026957427389410663,0.08471775335438538
1426024750,0.0945461894946314,0.0678168500118017,0.7104847887176168,0.012325202600816168,0.03134534515755362,0.08348162401758032
1426024750,0.08923150454838966,0.059693065664087365,0.7325244418234794,0.010238232814435597,0.029032580423831753,0.07928017472577634
1426024750,0.10056581978886392,0.0518860218344069,0.7196166473066012,0.00951115961314878,0.03550895387005689,0.08291139758692234
1426024750,0.10447615727303722,0.0552237266030756,0.7097536980211079,0.011227475510182418,0.033720957868687326,0.08559798472390953
1426024750,0.10231756821996799,0.05306411358707111,0.716967499496957,0.010581951089362603,0.0321687083700288,0.08490015923661258
1426024750,0.09692005415250733,0.05732680903270868,0.7172415246683996,0.011437489861116678,0.030001837451004456,0.08707228483426327
1168764314,0.09203961887103454,0.20259244200429508,0.00813165332982453,0.15970759879198843,0.11222091904944896,0.4253077679534085
3125082527,0.7946259941491527,0.0773538213974198,0.028262873751851717,0.036339935601852946,0.015386866487837787,0.048030508611884994
3125082527,0.8126419115951314,0.07041137658211974,0.020216241852274677,0.035964567017490776,0.01422591502596528,0.0465399879270181
3125082527,0.8240895649989808,0.06726337331512418,0.018325268585421533,0.03407444459821289,0.012876636558331454,0.043370711943929094
3125082527,0.8171494534305042,0.0673398729061137,0.018214181434930313,0.035086836812578195,0.014549413463492113,0.0476602419523816
3125082527,0.8243781315622614,0.06332580932329482,0.017841488031644828,0.03445525143906328,0.014481307531644184,0.04551801211209155
3125082527,0.8008137313734418,0.06683982249902344,0.02754882910571804,0.036200625622701106,0.018711834376500064,0.049885157022615596
3125082527,0.8205128841715864,0.06564085008655206,0.012749801760831573,0.034024210254860264,0.014137138941814453,0.05293511478435528
2077601779,0.1435942184899559,0.03915604332735881,0.02231093874156208,0.010807616090721492,0.026877941221730567,0.7572532421286711
947784218,0.12681336138391103,0.03428624806091649,0.011087951432615768,0.008497270744540375,0.03102073253654687,0.7882944358414694
1304240074,0.07413766744322765,0.7534907314724744,0.08136794975621658,0.03530216438080348,0.012594378313930314,0.04310710863334743
632668086,0.07695151318206217,0.7915174339409633,0.035262231975118206,0.04442254654968148,0.013075329104687023,0.03877094524748785
1687867306,0.09211739975666372,0.7418828022543543,0.08999790591746827,0.02599506404231892,0.011576171882061064,0.03843065614713361
1687867306,0.08584598725879285,0.7445845514662836,0.10333564191366366,0.016706601634687287,0.011802750978146235,0.037724466748426506
1687867306,0.09506202502352239,0.744203827735402,0.0945238999594165,0.015585052123124084,0.011794517184329155,0.03883067797420588
827846001,0.07197006078570993,0.7797078991876606,0.05974027990366306,0.039070448786203034,0.011560385814336839,0.03795092552242659
827846001,0.09437210618854838,0.7579442338821584,0.07245801834526812,0.027109590435894133,0.013049830819255662,0.035066220328875214
827846001,0.11071485338658484,0.7614358790254405,0.04990210980736069,0.027740186431796553,0.014994278156581857,0.03521269319223566
1455122667,0.05347528109355566,0.7878089629139235,0.0909308551288004,0.019269749319628174,0.010810529762673203,0.03770462178141911
1455122667,0.06358157413860238,0.7969337760701465,0.06402257808727994,0.024656603858655802,0.011364808289923332,0.03944065955539209
1455122667,0.059430627348945844,0.8063264283400835,0.05298880869228344,0.02549195855103063,0.011596804945117646,0.04416537212253905
1455122667,0.05033317259661885,0.8496428372397313,0.036440488148892614,0.017002425207742443,0.008546092065386436,0.03803498474162827
4170380205,0.9188819205287604,0.013176495555837501,0.006439673118921214,0.008353056425399403,0.008291079915790504,0.04485777445529107
4170380205,0.9223662215916173,0.01275632577395493,0.006824935594585151,0.008267445283924538,0.008676684153411083,0.04110838760250692
4170380205,0.9209481981854808,0.013062741979039833,0.006332301284117525,0.008001146523903322,0.008683699264800617,0.04297191276265784
4170380205,0.9144948024116714,0.013929400200643321,0.006658673712647571,0.008659319748988124,0.009996662266521912,0.04626114165952779
4170380205,0.9147009203454836,0.014380660486448498,0.00739274228351386,0.009390329173764022,0.012559622255362312,0.04157572545542762
4170380205,0.9038532792102983,0.015634829356632882,0.008578742054193683,0.010087098531602593,0.014038784094626956,0.047807266752645454
4170380205,0.8948207938240348,0.016543940604646007,0.008513105168861161,0.010169191965699436,0.01365659867596721,0.056296369760791554
4170380205,0.8890507449056991,0.01751806054486338,0.008202860712028378,0.010569111821433943,0.014227382554668523,0.06043183946130652
4170380205,0.8843285377551852,0.017977271884296375,0.00918684359162445,0.011271544898761561,0.018902549058033832,0.058333252812098633
3113506723,0.2928929858751476,0.06986760354411028,0.04091049623760609,0.011334994014124303,0.049960041417294467,0.5350338789117172
1385671514,0.09472152464687293,0.09942372980520206,0.04002361433113233,0.01467414622205825,0.04913270838546356,0.7020242766092708
1385671514,0.09248564807912776,0.08887617919940749,0.0378638280690557,0.013392707796511761,0.043634871117477846,0.7237467657384193
1385671514,0.0902742747845727,0.08678860312435815,0.02893632138364388,0.013013921957568614,0.04270086796936774,0.7382860107804889
458651138,0.09003248050649663,0.09597412724788615,0.021114245423780015,0.013278848871413665,0.03859213438779685,0.7410081635626267
3489018585,0.026251507788076542,0.7823093367063446,0.12049235821072307,0.010634592486074871,0.020949122183900985,0.03936308262487984
3489018585,0.02532558544916497,0.7759496939097522,0.12828993418830406,0.010263613344529254,0.02067601710048061,0.03949515600776911
3489018585,0.027156483425558046,0.7902622737773808,0.1102410335298448,0.01093413649209889,0.020933278348648204,0.04047279442646924
3489018585,0.02768094706142304,0.7850916334123851,0.11462817894823893,0.010254968303207206,0.020337778223319832,0.04200649405142591
2919599106,0.52424861256618,0.009816721130985036,0.0062794367261549775,0.06828178717434116,0.09220208761422784,0.29917135478811113
2919599106,0.5186595626065477,0.009640712809077358,0.00591146367867165,0.07150078142403646,0.08555860991811536,0.30872886956355133
2919599106,0.5397445564864629,0.00953218310387434,0.006221242296862439,0.07416297800243048,0.07055548828299137,0.2997835518273786
2919599106,0.6063540867459668,0.010194170726737848,0.006876266171346218,0.04998307451639041,0.04920985766531899,0.27738254417423974
2919599106,0.5830442566792035,0.010708786757965686,0.008203418754387012,0.0618172347891009,0.048549751995198225,0.2876765510241447
2919599106,0.5600337074673929,0.014135420033512258,0.010983695984882481,0.06982378770250267,0.055854440032555956,0.2891689487791537
2919599106,0.5774398402204508,0.012976244590985064,0.010912395487600564,0.06335323699024743,0.049051023977673205,0.2862672587330429
2919599106,0.5648513250317787,0.010191842771866699,0.008518340436012111,0.06312647183063914,0.059765821047188,0.2935461988825154
2919599106,0.5846420354696044,0.00902134321879857,0.007290884002411067,0.05214707002751425,0.04765463817578461,0.29924402910588715
2919599106,0.5976166118529053,0.009339470740764057,0.008495503298607505,0.048648632765169314,0.045719699279031585,0.2901800820635222
2919599106,0.5725821139410278,0.011198963336423102,0.009154142905359305,0.04960627146599205,0.06291305453114082,0.29454545382005703
2919599106,0.5439072588852417,0.013111749617440197,0.009338228761675123,0.05083141739886117,0.06046532731678936,0.3223460180199926
2919599106,0.5189231022303096,0.013370131837843193,0.009223214230896507,0.04921428482950014,0.06752750341899715,0.34174176345245355
2919599106,0.5103941559164296,0.01592372169446367,0.010172059878991644,0.05624670553007295,0.08226462434123537,0.3249987326388067
2919599106,0.46547777634240456,0.021038274832277364,0.010649753624845075,0.06895359065952966,0.089552626078605,0.34432797846233815
2919599106,0.4578904069091837,0.020804592697745542,0.010625890080170302,0.0734548172223539,0.06358043439626225,0.37364385869428435
2919599106,0.3964386836166283,0.014049724950149913,0.007406390744288669,0.11758643997496802,0.08254666749894739,0.38197209321501757
2919599106,0.4277835582085824,0.015163183066679974,0.0090444992303546,0.09414107546095754,0.0627840218433386,0.3910836621900869
3807200477,0.25408551836521476,0.03481079378701806,0.008921503416030464,0.25892093532924,0.09911819006911757,0.34414305903337905
1389793077,0.11734315403847932,0.09246587612551235,0.0335003110328259,0.04740964703507498,0.15253812144383397,0.5567428903242736
1389793077,0.12005166782311828,0.0931391849860287,0.026939695416699456,0.04961663881706685,0.15000905963000258,0.5602437533270841
1389793077,0.12131294345400255,0.09620466840226774,0.03228644552732814,0.05057418196114984,0.15710902884792832,0.5425127318073233
1389793077,0.1228548607558788,0.09830375511383155,0.037347904022281074,0.051484210549006704,0.15832103792911636,0.5316882316298855
1389793077,0.12473085980489979,0.0965462493024442,0.03634979772318527,0.04917812772557107,0.16962903760078504,0.5235659278431147
1389793077,0.12472821343975983,0.09298089809462669,0.033529551905729156,0.048133005873497614,0.16467291775147888,0.535955412934908
1389793077,0.12651132011080238,0.09098063460802266,0.03433892294967801,0.047289662796871426,0.1737163394898244,0.5271631200448011
1389793077,0.13202641048732172,0.09306499558348881,0.04051636060742025,0.046716883446444875,0.16223231114359796,0.5254430387317263
1389793077,0.12850170520082152,0.09061386837864596,0.030521094935430315,0.043754245566176644,0.14712120208641985,0.5594878838325057
1389793077,0.1302919572597425,0.09206261418579897,0.03657872736072415,0.04424543755574829,0.15331384032014428,0.5435074233178417
1389793077,0.12405283930416583,0.08978670660759526,0.034330416854038565,0.05138141633423311,0.16329274823652906,0.5371558726634382
1389793077,0.12015413210594919,0.08846058615032686,0.03879445900847078,0.05534476137489145,0.17281896104010946,0.5244271003202523
1389793077,0.11981241202312833,0.08803546867683501,0.03543552521155553,0.06105725649910746,0.17135480833758973,0.524304529251784
1389793077,0.11819556127193248,0.0874349760103081,0.027341648251685242,0.05920745745675048,0.17613113894453394,0.5316892180647899
1389793077,0.11570677324429719,0.0874060130736,0.032509164772210046,0.06388887915730303,0.17781626823784358,0.5226729015147461
1389793077,0.11882995987662102,0.0844637905251554,0.02711273680345463,0.06228075587180731,0.18696687771163925,0.5203458792113222
1389793077,0.1234802550340848,0.08474651698026257,0.03158965108152667,0.06666438665223692,0.2121096942314467,0.48140949602044225
1389793077,0.11847390078325225,0.08530455584643244,0.02982420219465147,0.06542435895737288,0.19961041869486448,0.5013625635234265
1389793077,0.12321958442454581,0.08463014604451223,0.026059881573283906,0.06126434524581347,0.20143032462231816,0.5033957180895264
1389793077,0.11581259966192133,0.0873993478393423,0.03373044389560227,0.06279576527127134,0.1924037043314998,0.507858139000363
1389793077,0.12316574168015135,0.09002834329818837,0.03200427854272161,0.06251966721778784,0.18551052510004445,0.5067714441611064
1389793077,0.12331835370138215,0.08731904067441898,0.028505806818459524,0.06850199099896177,0.1855908748640052,0.5067639329427726
1389793077,0.12125099663633425,0.08365809368292401,0.024294953689153687,0.05868094330932669,0.195315737243958,0.5167992754383034
1389793077,0.11842675325055785,0.08121287178995973,0.028771239171631234,0.05567069455419667,0.202411128604034,0.5135073126296205
1389793077,0.11847553810850239,0.08049728930637705,0.028114386364906884,0.0552283699081713,0.1812465896450302,0.5364378266670121
1389793077,0.11924014076199493,0.08184422844035358,0.02537288617638468,0.056744421395916206,0.18221734428496078,0.5345809789403898
1389793077,0.11622715382374314,0.0793371044118385,0.02559837390644025,0.054221158247530085,0.19393628876560354,0.5306799208448446
1389793077,0.11308211307241735,0.07698905764105092,0.0256658945030915,0.050044101658073964,0.19870958422108487,0.5355092489042815
1389793077,0.11393048633377166,0.07874350321305894,0.023346211769690872,0.053795613553858715,0.19666039869804017,0.5335237864315797
1389793077,0.11681308178818837,0.08043899800239056,0.027982443850680726,0.04936354801128906,0.17295608173657978,0.5524458466108715
1389793077,0.11704491116403992,0.07962950272586797,0.026716224217285967,0.04548631001087284,0.1810622273667733,0.5500608245151599
1389793077,0.11843154127602894,0.07759606352055858,0.029715494424851642,0.047359858919386925,0.20325426925461482,0.523642772604559
1389793077,0.12183894111489714,0.07771326866231694,0.026152389089679522,0.0455545881251848,0.18791172436977777,0.5408290886381439
1389793077,0.1232876304630806,0.07783019986153637,0.028442419838081608,0.04363963721988459,0.20136987341587875,0.5254302392015381
1389793077,0.11828800512130261,0.07747690789920338,0.02702221297202811,0.04737082603865051,0.2141291115875027,0.5157129363813127
1389793077,0.12397376626901627,0.0794631741927249,0.027445359469820428,0.04800485999389141,0.21336413363831136,0.5077487064362356
1389793077,0.1240103691232303,0.080181205421544,0.029030162073026656,0.04464554267703358,0.20664457711214387,0.5154881435930216
1389793077,0.12863761151833966,0.08131193915605413,0.030319485073218536,0.041619010188472416,0.1947970912038777,0.5233148628600375
1389793077,0.12090896545158952,0.0783119975434987,0.029666261253844684,0.04390535461293437,0.21371642358308995,0.5134909975550429
1389793077,0.12487459311494298,0.07830421126467615,0.024620593174754495,0.04208188243409553,0.18473778366422722,0.5453809363473034
1389793077,0.1278517257813631,0.07871741613530926,0.025323369559317303,0.04354590113093212,0.2009142948884776,0.5236472925046006
1389793077,0.12361707574029095,0.08090394427983597,0.030086195050222135,0.043144220315936024,0.19217245484291326,0.5300761097708016
1389793077,0.13687079537197983,0.08165685300918533,0.03145004979778193,0.044712336238158026,0.18516867942765078,0.5201412861552441
1389793077,0.12952243291057103,0.08335992926338576,0.030291234471249734,0.04347425239407612,0.15564822670349973,0.5577039242572176
1389793077,0.1256839222606138,0.08819201191953754,0.0306384616970248,0.04177843288590502,0.14728880333636557,0.5664183679005534
1389793077,0.12322920408503373,0.08865785262493432,0.03887968562098141,0.04322678517996423,0.1555658821541741,0.5504405903349121
1389793077,0.12150100581877869,0.0877461157939709,0.030676245777332318,0.04247329991145466,0.13886252751501568,0.5787408051834477
1389793077,0.12082115517620193,0.08216020422530143,0.03672030547251321,0.04269216062672756,0.17113865714868498,0.546467517350571
1389793077,0.12005900706618661,0.08256836773037923,0.03866637951856724,0.042040912047288666,0.16336671458621457,0.5532986190513638
1389793077,0.13099399185125155,0.08594396213899207,0.03936887203959566,0.04334074358028602,0.1691465360914061,0.5312058942984685
1389793077,0.13149063304407366,0.08443197824108331,0.037062779037346116,0.04075195232765568,0.16823903430169374,0.5380236230481475
1389793077,0.13213392612030508,0.08309779263676467,0.034698948245097685,0.041679448028777585,0.181121236652021,0.527268648317034
1389793077,0.1290481238701035,0.0830866746455116,0.031910057592670696,0.03971897970117832,0.16122296357331437,0.5550132006172215
1389793077,0.12621935939607326,0.08300933472709504,0.03394969007869462,0.03970764817057151,0.178721498994608,0.5383924686329574
1389793077,0.12649467825447064,0.08371755559554098,0.027185660064029667,0.040326863190021496,0.1604245858825595,0.5618506570133777
3544790630,0.038072362240524474,0.009122594357315331,0.002993304029170637,0.026733650455893224,0.2264145435751524,0.696663545341944
3626786720,0.06667043086059946,0.0188005606931183,0.02116215061642893,0.023562151035579893,0.08832932592710487,0.7814753808671686
3626786720,0.08046983781251588,0.019602660945302625,0.02531631880452416,0.021345115778029652,0.06989472381376148,0.7833713428458662
3626786720,0.08840046262238928,0.018474142682215474,0.02222371573933856,0.021545252258390074,0.0764754934474802,0.7728809332501864
3626786720,0.09426486776340179,0.017481241557494646,0.017663434481588865,0.020881362359092857,0.07444195515780223,0.7752671386806197
3626786720,0.0883804610887468,0.017587732794770224,0.019777833020598896,0.021870714822257598,0.08047896309392108,0.7719042951797055
3626786720,0.08846009080757632,0.01747742957614525,0.020980036792822242,0.019323422058210516,0.07625866952150384,0.7775003512437418
977828620,0.862937826257779,0.014416189298964174,0.011050190908607817,0.007995242690927547,0.02348402521040877,0.08011652563331267
977828620,0.8568056154161068,0.01534557537940134,0.010735173987529474,0.008587215705809994,0.026391079555171254,0.08213533995598124
977828620,0.8446960569606304,0.017114593595056182,0.012489016402168988,0.009525430068342887,0.0289218911485264,0.08725301182527526
977828620,0.8065419309403041,0.01879778240523835,0.018206541114267755,0.016292801750358535,0.037044260383689694,0.10311668340614155
977828620,0.7822737659773523,0.022267044986418544,0.02182133336630187,0.019454719350552492,0.043104597756818186,0.11107853856255678
977828620,0.7956997062160162,0.022901150427547673,0.025045884240417756,0.01641232527089545,0.03455659672865518,0.10538433711646768
977828620,0.7744439200672609,0.029931642636944446,0.02917637443276883,0.02103547339401284,0.03968191731600884,0.10573067215300411
977828620,0.7733057372572737,0.030212583392116535,0.03999426975392142,0.0189609778617386,0.029066055048103976,0.1084603766868458
977828620,0.7510583457070118,0.03320254529817022,0.048641349920612045,0.02812235786436694,0.03368004011521976,0.1052953610946192
977828620,0.7593872768571478,0.02775274347649065,0.05987499138324886,0.028854189531392193,0.028329108036023027,0.09580169071569743
977828620,0.7582859227214674,0.031971109881048676,0.0684713809585978,0.025879380383251514,0.02644444444972374,0.0889477616059108
977828620,0.7593195349174097,0.02624078872921195,0.062109482267210935,0.03468967700308276,0.03044419401156618,0.08719632307151855
977828620,0.7331919736051563,0.03103885030321001,0.03896484396004642,0.0422793944675766,0.0492985556057782,0.10522638205823245
977828620,0.7522562483984148,0.02540016691845397,0.032798154025816206,0.03317061358656841,0.05463335179830233,0.10174146527244432
977828620,0.8176987657406205,0.02067878727705493,0.02034480044827399,0.013883321228681645,0.0346413791061352,0.0927529461992337
977828620,0.8390311326895681,0.017231603365181907,0.01687160141241051,0.011059878460319153,0.03282042208257101,0.08298536198994941
977828620,0.8456382130374615,0.016792248717906095,0.0177314970023076,0.010979195622372285,0.0268703078868685,0.08198853773308401
977828620,0.8363078233078375,0.017468581400787213,0.018226048143321787,0.010272589057904995,0.026899199964305044,0.09082575812584348
977828620,0.8377050092086236,0.017865654039634506,0.017709502716849547,0.011643549114466597,0.024273762827857866,0.09080252209256796
977828620,0.8440715134143895,0.01594924162001033,0.016750857081580414,0.010534805584456946,0.023748290328379527,0.08894529197118341
977828620,0.8381295632307955,0.022958365655990843,0.022064442784232446,0.00991268928082474,0.02203938667307682,0.08489555237507986
977828620,0.8488754321533034,0.020795125556534982,0.019022584941149445,0.010009998816621816,0.018548188636799866,0.08274866989559053
977828620,0.8175009869676376,0.023986143961031173,0.01956356745349081,0.01376413737171596,0.02520621475102061,0.09997894949510384
977828620,0.8341286759688501,0.024101243600616454,0.017734065096845077,0.011767756076057245,0.024119271634373735,0.0881489876232574
3810853757,0.12680296156725068,0.16974771111110012,0.05009288914316006,0.0258490176828018,0.08681862301220955,0.5406887974834778
3596219319,0.08288591076135865,0.06741000754481029,0.005236916732227295,0.1545517597047332,0.04186044897453178,0.6480549562823389
2111304885,0.04937200649759597,0.030886306078960004,0.00462167617100361,0.14521917270973053,0.23763348454635486,0.532267353996355
2111304885,0.05749605534064098,0.03019950123610256,0.004596410911932165,0.1616744731480466,0.18296817175368837,0.5630653876095894
839616512,0.9460416115557022,0.006028433440556566,0.003680118254683577,0.0037473745154389332,0.006096597709733482,0.03440586452388527
839616512,0.9517094125612097,0.005794468566178851,0.0034351494784214923,0.0036893006556893123,0.005128885002425487,0.030242783736075234
839616512,0.9532691249741676,0.005438958595401101,0.0033270967162185717,0.0035260749863003406,0.004527300144135088,0.029911444583777366
839616512,0.9553398914529195,0.005488950566959229,0.0032453469999539452,0.003561874240250044,0.0044951123608627476,0.027868824379054385
839616512,0.9527164171365454,0.005373041251473246,0.0032155753409773527,0.003620966757004639,0.004659520788429438,0.030414478725569783
839616512,0.954043438192777,0.005255016601339089,0.0032638126448082355,0.0034550699844034223,0.004343522853470401,0.029639139723201872
839616512,0.9553851882223934,0.005261213099450748,0.00321822607198198,0.0034310348514252427,0.004175055171986612,0.02852928258276205
839616512,0.9556717068606584,0.005245788028893823,0.00312243083326167,0.0034696027137495677,0.004269310097590173,0.02822116146584632
839616512,0.9521361030533684,0.005204107386835874,0.0032513296112450245,0.0034771150014136737,0.004337299892001185,0.031594045055135855
839616512,0.953158351982392,0.005248101862258768,0.003636785654463998,0.003434317501343378,0.004333982363479935,0.030188460636061846
839616512,0.950310520354311,0.005301865858376089,0.0035116370412293777,0.003458394851944726,0.004362097482878798,0.03305548441126004
839616512,0.9526314868800158,0.005281066898918075,0.003582145348742995,0.003516710995394085,0.004590047829746888,0.030398542047182172
839616512,0.9525104602817582,0.005179892105980682,0.003654123313025189,0.003597669710093289,0.0047234724149255855,0.030334382174217116
839616512,0.9517026498815594,0.0054105967314378375,0.003917391581694407,0.0035878232566144805,0.004659884583395389,0.030721653965298464
839616512,0.9499255757646755,0.005301596719434367,0.0038477907958779987,0.003753808978903626,0.005112970591776888,0.032058257149331526
839616512,0.9508540932047651,0.005400060132856231,0.003812247506486375,0.0037301457500852194,0.005385359095728052,0.030818094310079067
839616512,0.9512633754002173,0.005152944652701305,0.0036891322969045573,0.0035910920126299923,0.004829021609770618,0.03147443402777617
839616512,0.9510127571738386,0.005211684636113918,0.0031745278295147532,0.003581847737129335,0.004727404442555656,0.032291778180847754
839616512,0.9471609981205681,0.005916136926014916,0.003814858294006904,0.0037512519359837,0.005022581187670523,0.03433417353575587
839616512,0.9507154434901944,0.005376641656962637,0.0035081127308304546,0.0036793088221618165,0.005425363106167943,0.03129513019368283
839616512,0.9507306432087698,0.005343380672470918,0.004149947320987248,0.0037289169592246768,0.005700969483833947,0.03034614235471355
839616512,0.9467137593611542,0.005345689711095256,0.0049398483103817725,0.003702565083230143,0.006281594277835519,0.03301654325630314
579354656,0.11875407082378117,0.04168728468901317,0.01741549808323449,0.026500788098477453,0.07721802809122397,0.7184243302142699
2671474238,0.029232102943252666,0.04471793411164919,0.05953161850111831,0.005280314172925182,0.022507613584209028,0.8387304166868457
682473876,0.08121472732026448,0.05003033701375882,0.14661816271160613,0.008829502426507636,0.03385340797164307,0.6794538625562199
3251253958,0.03234666658355877,0.10518201117465673,0.7507958062902884,0.0049327220229700534,0.024174756027358035,0.08256803790116796
3251253958,0.03125902003926101,0.1093948331579725,0.7464171179048381,0.0050505751534236885,0.024564406886517513,0.08331404685798714
3251253958,0.025128585857833462,0.10683051854173564,0.7589429866924162,0.004861776167938155,0.02365218891881313,0.08058394382126324
1041541339,0.3473887711038749,0.011464658366664972,0.006906746085372051,0.030013497361590733,0.12390740676862153,0.4803189203138758
190915739,0.0478298465907411,0.02481306635311669,0.01150819751507581,0.024786627296261122,0.07980194609372417,0.811260316151081
190915739,0.049198569318249764,0.026108261456860793,0.011796576380503448,0.025137105901558078,0.08719406033629655,0.8005654266065314
377908502,0.832250271847706,0.006694275889720243,0.011377161534725344,0.01604795845322723,0.04964993495914639,0.08398039731547484
377908502,0.8144630213129525,0.006637545597405212,0.011958432251685644,0.01638006474038767,0.047776812997966996,0.10278412309960207
377908502,0.7560663647683372,0.0065903202327394685,0.012480559221042123,0.017922539653550937,0.05003816882453273,0.15690204729979754
377908502,0.7446750738845718,0.006624672188458187,0.011708896668636832,0.017249800552803854,0.045763014676760576,0.17397854202876875
377908502,0.7530759746784887,0.006725196091018138,0.01249416965093755,0.015763796687292858,0.042059332584828114,0.1698815303074346
377908502,0.8262395202657857,0.007098299726079486,0.014893407875072498,0.014884607529462414,0.04323360462605589,0.09365055997754403
377908502,0.8557638664371732,0.006934410638168601,0.013014135841812413,0.01357318814280817,0.04261338701382239,0.06810101192621539
377908502,0.8557102644179645,0.006644515353898054,0.009577783504898109,0.014219656485835699,0.04372332588062778,0.07012445435677571
377908502,0.8506023858102401,0.0066810050573855055,0.010152431259157465,0.01547649678854343,0.0494761785615082,0.06761150252316545
377908502,0.8551612314133691,0.006806326184149686,0.00936821738154675,0.014187724287760366,0.044992591517231936,0.06948390921594222
377908502,0.8519636261804238,0.00665570925974894,0.0097133594286763,0.015730428711125233,0.04886381748045252,0.06707305893957317
377908502,0.8481007249039016,0.006770236367149187,0.009628280893238526,0.015030248349537584,0.0484362135797626,0.07203429590641049
377908502,0.840646311395231,0.007002311240856967,0.010197816400322862,0.01636101957497419,0.05353442508264998,0.07225811630596497
406628315,0.6747197397146312,0.02936863072863163,0.11271655743454814,0.009427122560934297,0.05033548258768268,0.12343246697357219
406628315,0.6713854464521424,0.030770744997405775,0.11398274805755744,0.008049916573611838,0.04613341236750064,0.12967773155178192
406628315,0.6993024637871639,0.028235812082210435,0.10116278850572967,0.010539186042068261,0.05015829035963117,0.11060145922319661
406628315,0.6791883838103661,0.02932299294571891,0.10840547388179779,0.009064723893260851,0.048985815370689224,0.12503261009816732
406628315,0.6667966981064555,0.03271629651462242,0.11441225074560796,0.009051950204795548,0.04855908202403334,0.12846372240448517
406628315,0.6532115169008971,0.030329989555457598,0.1115813299569679,0.009754216339593487,0.05021652882093138,0.14490641842615273
1469013785,0.283245814483118,0.019308026883902048,0.0055276423199216995,0.06535419262797271,0.13187807083136427,0.49468625285372125
1469013785,0.2659076898083587,0.01943853549734661,0.005556711241673461,0.06742113019304334,0.13832882618433015,0.5033471070752477
1469013785,0.28047420785704374,0.019159101862681212,0.005698477145562269,0.06567533543611896,0.12946934970532542,0.4995235279932683
1469013785,0.26931790965046315,0.018767914559054685,0.005358364877281614,0.0639247631048173,0.12579891565453016,0.516832132153853
1469013785,0.26266972124138455,0.019239142837863186,0.005573506138802885,0.06533572368843528,0.13572797604554582,0.5114539300479682
73783114,0.2031911722273578,0.0433112007560101,0.020583900668399966,0.010759839797656991,0.047692934765131006,0.6744609517854441
3405122899,0.27430235813565296,0.19559698314923335,0.013736469020454193,0.05266408917081392,0.08983602344001794,0.37386407708382763
3405122899,0.33318559046474683,0.14821129640013936,0.01353881746372166,0.05045500370852923,0.08932074431663958,0.3652885476462234
3405122899,0.3503420181386426,0.12932301272662325,0.012763969846853051,0.052134600506671076,0.0925024203289069,0.3629339784523031
3405122899,0.32720210958077595,0.11782899037199941,0.013408429832516566,0.0519206982799934,0.09843516236095237,0.39120460957376224
589472925,0.7128234455035889,0.054027463821732846,0.022868975314383335,0.023191125870995182,0.05470746382647832,0.13238152566282138
589472925,0.7107672722645335,0.052333458023553374,0.02249307663926758,0.022876731699385273,0.05460172257187304,0.1369277388013871
589472925,0.7196026345434351,0.05171671054081288,0.02164489278495262,0.021842695672455215,0.05173283629551087,0.1334602301628333
589472925,0.7366779010544765,0.052112128549359635,0.021735681307825237,0.0204465593942175,0.040220701630627916,0.12880702806349315
589472925,0.7414534547401023,0.04967767414055031,0.02102037890818381,0.019533236751803698,0.037216493378849844,0.1310987620805101
589472925,0.7630687300013593,0.048352044629714666,0.020974323932556643,0.018189581985063586,0.029505531479739895,0.11990978797156573
589472925,0.7682423020552018,0.04903963260577232,0.02028696907364551,0.01803840930766479,0.025539577148121093,0.11885310980959436
589472925,0.7667337269420069,0.04851828339273259,0.018735711505346125,0.017988208451254633,0.028577857943839796,0.11944621176482001
589472925,0.7863269794978188,0.04686983821253758,0.018185504420929886,0.01669571854583621,0.017414012630601394,0.11450794669227606
589472925,0.7889133995387378,0.04659798369363349,0.018055651107952906,0.016699279245604777,0.016098012482772896,0.113635673931298
589472925,0.7918368113115176,0.04600471182847213,0.017879435687346942,0.0167197840211605,0.014973648068024505,0.1125856090834783
589472925,0.7912128017917577,0.046319630532774186,0.017985160122450446,0.016449141230874712,0.014297331174728744,0.11373593514741416
589472925,0.793755328517631,0.04559406424014881,0.018305766766653263,0.016532836959415046,0.012840659314935946,0.11297134420121586
589472925,0.7877338277707482,0.04798332892913141,0.018827044744669043,0.017041696377444692,0.013357796973126525,0.11505630520488014
589472925,0.7856438323434572,0.04818834514349564,0.020082100766403186,0.017039241381159018,0.013363717159341267,0.1156827632061436
589472925,0.7797807586482988,0.04946854571907478,0.021880355174237233,0.017718535432887875,0.01456859581433144,0.11658320921116988
589472925,0.7674414530876278,0.051520336232784084,0.029197019422027508,0.01802253781156801,0.01720954108649824,0.11660911235949432
589472925,0.7632510040970552,0.050920456704544745,0.030411574801179602,0.017854078767634677,0.01773680083099321,0.11982608479859251
589472925,0.7847760145616953,0.04869607641055455,0.023328642601108042,0.017000490149011,0.013449623639760103,0.112749152637871
589472925,0.7822166231121749,0.04722647328893043,0.01930397898298469,0.018139163442405612,0.014715332908330762,0.11839842826517363
589472925,0.7916725378288532,0.04576067596745414,0.019331528278204724,0.017470714415341936,0.012891207270947669,0.11287333623919864
589472925,0.7881294711976499,0.04579622828652439,0.01997783999831218,0.017461275032372697,0.013036346047437981,0.11559883943770292
589472925,0.7787332860726214,0.04646751535423218,0.020158798585770216,0.01830304813759251,0.015058796258250847,0.12127855559153289
589472925,0.7663546382256963,0.04702787554610023,0.020989532622814264,0.02027935253532621,0.01723770804331994,0.12811089302674328
589472925,0.7731489550084174,0.0464083186675331,0.020894832925118522,0.01805897254702127,0.015426507901444444,0.12606241295046522
589472925,0.7618736073374869,0.04801289622081331,0.01998561647235067,0.020633340622087198,0.01938111187166557,0.1301134274755964
4204693127,0.0942390475219596,0.15190714625743945,0.01249495604727459,0.02643171482330955,0.020858944253329955,0.6940681910966869
4204693127,0.09928856851745962,0.15919628885204976,0.012451764107908868,0.027472423086961,0.02182489430504637,0.6797660611305743
4204693127,0.09698797725482017,0.15831010613509566,0.012528929569070731,0.026003655213022198,0.020841629201195654,0.6853277026267957
4204693127,0.09161620178092361,0.16797491596060973,0.014185503606256542,0.026437910122028386,0.02197757967207114,0.6778078888581106
